solid JSCAD
facet normal 0 0 1
outer loop
vertex 7.0710678118654755 10 0
vertex 4.142135623730949 5.85786437626905 0
vertex 4.14213562373095 5.857864376269049 0
endloop
endfacet
facet normal 0 0 1
outer loop
vertex 7.0710678118654755 10 0
vertex 4.14213562373095 5.857864376269049 0
vertex 4.142135623730949 5.85786437626905 0
endloop
endfacet
facet normal 0 0 1
outer loop
vertex 7.0710678118654755 10 0
vertex 4.142135623730949 5.85786437626905 0
vertex 0 10 0
endloop
endfacet
facet normal 0 0 -1
outer loop
vertex -1.7763568394002505e-15 8.881784197001252e-16 0
vertex 0 10 0
vertex 4.142135623730949 5.85786437626905 0
endloop
endfacet
facet normal 0 0 -1
outer loop
vertex 7.0710678118654755 10 0
vertex 10 10 0
vertex 10 5.857864376269049 0
endloop
endfacet
facet normal -1 0 0
outer loop
vertex 10 5.857864376269049 0
vertex 10 5.857864376269046 0
vertex 10 5.857864376269049 0
endloop
endfacet
facet normal -1 0 0
outer loop
vertex 10 5.857864376269049 0
vertex 10 5.857864376269049 0
vertex 10 10 0
endloop
endfacet
facet normal -1 0 0
outer loop
vertex 10 5.857864376269049 0
vertex 10 10 0
vertex 10 10 4.14213562373095
endloop
endfacet
facet normal 1 0 0
outer loop
vertex 10 1.2132034355964252 7.071067811865477
vertex 10 0.7106781186547532 10
vertex 10 -1.7763568394002505e-15 10
endloop
endfacet
facet normal 1 0 0
outer loop
vertex 10 1.2132034355964252 7.071067811865477
vertex 10 -1.7763568394002505e-15 10
vertex 10 -1.7763568394002505e-15 5.85786437626905
endloop
endfacet
facet normal 1 0 0
outer loop
vertex 10 10 4.14213562373095
vertex 10 10 10
vertex 10 4.142135623730954 10
endloop
endfacet
facet normal 1 0 0
outer loop
vertex 10 1.2132034355964254 7.071067811865477
vertex 10 4.142135623730954 10
vertex 10 0.710678118654755 10
endloop
endfacet
facet normal 1 0 0
outer loop
vertex 10 1.2132034355964254 7.071067811865477
vertex 10 0.710678118654755 10
vertex 10 0.7106781186547532 10
endloop
endfacet
facet normal -0.7071067811865477 -0.7071067811865476 0
outer loop
vertex 4.142135623730949 5.85786437626905 0
vertex 0 10 10
vertex 0 10 0
endloop
endfacet
facet normal 0 0 1
outer loop
vertex 4.142135623730949 5.85786437626905 0
vertex 4.14213562373095 5.857864376269049 0
vertex 4.142135623730949 5.85786437626905 0
endloop
endfacet
facet normal 0 0 1
outer loop
vertex 4.142135623730949 5.85786437626905 0
vertex 4.142135623730949 5.85786437626905 0
vertex 0 10 0
endloop
endfacet
facet normal 0 0 1
outer loop
vertex 4.142135623730949 5.85786437626905 0
vertex 0 10 0
vertex 0 10 10
endloop
endfacet
facet normal -0.7071067811865476 -0.7071067811865476 0
outer loop
vertex 10 -1.7763568394002505e-15 5.85786437626905
vertex 10 -1.7763568394002505e-15 10
vertex 8.284271247461895 1.7157287525381033 10
endloop
endfacet
facet normal 0.7071067811865475 0.7071067811865476 0
outer loop
vertex 8.284271247461895 1.715728752538103 10
vertex 10 -1.7763568394002505e-15 10
vertex 10 -1.7763568394002505e-15 5.85786437626905
endloop
endfacet
facet normal -0.7844645405527363 -0.5883484054145518 0.19611613513818407
outer loop
vertex 1.7157287525380978 8.284271247461902 5.8578643762690525
vertex 1.7157287525380975 8.284271247461902 5.857864376269052
vertex 1.7157287525380978 8.284271247461902 5.8578643762690525
endloop
endfacet
facet normal -0.7844645405527363 -0.5883484054145518 0.19611613513818407
outer loop
vertex 1.7157287525380978 8.284271247461902 5.8578643762690525
vertex 1.7157287525380978 8.284271247461902 5.8578643762690525
vertex 5.857864376269043 4.1421356237309555 10
endloop
endfacet
facet normal -0.7844645405527363 -0.5883484054145518 0.19611613513818407
outer loop
vertex 1.7157287525380978 8.284271247461902 5.8578643762690525
vertex 5.857864376269043 4.1421356237309555 10
vertex 0 10 10
endloop
endfacet
facet normal 0.7071067811865477 0.7071067811865476 1.035336638598885e-16
outer loop
vertex 5.857864376269043 4.1421356237309555 10
vertex 1.7157287525380978 8.284271247461902 5.8578643762690525
vertex 0 10 10
endloop
endfacet
facet normal 0.7071067811865477 0.7071067811865476 1.035336638598885e-16
outer loop
vertex 5.857864376269043 4.1421356237309555 10
vertex 0 10 10
vertex 5.857864376269043 4.1421356237309555 10
endloop
endfacet
facet normal 0.7071067811865477 0.7071067811865476 1.035336638598885e-16
outer loop
vertex 5.857864376269043 4.1421356237309555 10
vertex 5.857864376269043 4.1421356237309555 10
vertex 5.857864376269044 4.1421356237309555 10
endloop
endfacet
facet normal -1 1.7763568394002506e-16 0
outer loop
vertex -1.7763568394002505e-15 8.881784197001252e-16 0
vertex -5.202828724532305e-16 7.0710678118654755 7.071067811865475
vertex 0 10 10
endloop
endfacet
facet normal -1 1.7763568394002506e-16 0
outer loop
vertex -1.7763568394002505e-15 8.881784197001252e-16 0
vertex 0 10 10
vertex 0 10 0
endloop
endfacet
facet normal -1 1.7763568394002503e-16 0
outer loop
vertex -5.202828724532305e-16 7.0710678118654755 7.071067811865475
vertex -1.7763568394002505e-15 8.881784197001252e-16 0
vertex -1.7763568394002505e-15 8.881784197001252e-16 10
endloop
endfacet
facet normal -1 1.7763568394002503e-16 0
outer loop
vertex -5.202828724532305e-16 7.0710678118654755 7.071067811865475
vertex -1.7763568394002505e-15 8.881784197001252e-16 10
vertex -6.095493008253423e-16 6.568542494923803 10
endloop
endfacet
facet normal -1 1.7763568394002503e-16 0
outer loop
vertex -5.202828724532305e-16 7.0710678118654755 7.071067811865475
vertex -6.095493008253423e-16 6.568542494923803 10
vertex -6.09549300825342e-16 6.568542494923804 10
endloop
endfacet
facet normal -1 1.77635683940025e-16 5.886725095926159e-32
outer loop
vertex -5.202828724532305e-16 7.0710678118654755 7.071067811865475
vertex -6.09549300825342e-16 6.568542494923804 10
vertex 0 10 10
endloop
endfacet
facet normal -2.664535259100375e-16 -1 0
outer loop
vertex 7.0710678118654755 -9.95932530720405e-16 10
vertex -1.7763568394002505e-15 8.881784197001252e-16 10
vertex -1.7763568394002505e-15 8.881784197001252e-16 0
endloop
endfacet
facet normal -2.6645352591003756e-16 -1 0
outer loop
vertex 10 -1.7763568394002505e-15 5.85786437626905
vertex 10 -1.7763568394002505e-15 10
vertex 7.0710678118654755 -9.95932530720405e-16 10
endloop
endfacet
facet normal 0 0 1
outer loop
vertex 7.0710678118654755 -9.95932530720405e-16 10
vertex 4.14213562373095 4.142135623730951 10
vertex 4.142135623730943 4.142135623730956 10
endloop
endfacet
facet normal 0 0 1
outer loop
vertex 7.0710678118654755 -9.95932530720405e-16 10
vertex 4.142135623730943 4.142135623730956 10
vertex -6.095493008253423e-16 6.568542494923803 10
endloop
endfacet
facet normal 0 0 1
outer loop
vertex 7.0710678118654755 -9.95932530720405e-16 10
vertex -6.095493008253423e-16 6.568542494923803 10
vertex -1.7763568394002505e-15 8.881784197001252e-16 10
endloop
endfacet
facet normal 0 0 1
outer loop
vertex 7.0710678118654755 -9.95932530720405e-16 10
vertex 10 -1.7763568394002505e-15 10
vertex 8.284271247461895 1.7157287525381033 10
endloop
endfacet
facet normal 0 0 1
outer loop
vertex 4.142135623730943 4.142135623730956 10
vertex 4.14213562373095 4.142135623730951 10
vertex 5.857864376269043 4.1421356237309555 10
endloop
endfacet
facet normal 0 0 1
outer loop
vertex 4.142135623730943 4.142135623730956 10
vertex 5.857864376269043 4.1421356237309555 10
vertex 0 10 10
endloop
endfacet
facet normal 0 0 1
outer loop
vertex 4.142135623730943 4.142135623730956 10
vertex 0 10 10
vertex -6.09549300825342e-16 6.568542494923804 10
endloop
endfacet
facet normal 0 0 1
outer loop
vertex 4.142135623730943 4.142135623730956 10
vertex -6.09549300825342e-16 6.568542494923804 10
vertex -6.095493008253423e-16 6.568542494923803 10
endloop
endfacet
facet normal 0.7071067811865475 -0.5 0.5000000000000002
outer loop
vertex 1.7157287525380982 8.284271247461902 5.857864376269051
vertex 0 7.071067811865477 7.0710678118654755
vertex 4.142135623730951 5.857864376269049 0
endloop
endfacet
facet normal 0.7071067811865474 -0.5000000000000001 0.5000000000000001
outer loop
vertex 4.142135623730951 5.857864376269049 0
vertex 0 7.071067811865477 7.0710678118654755
vertex -8.881784197001252e-16 -4.440892098500626e-16 8.881784197001252e-16
endloop
endfacet
facet normal 0.5000000000000002 0.8535533905932738 0.14644660940672605
outer loop
vertex 4.142135623730951 5.857864376269049 0
vertex 0 7.071067811865477 7.0710678118654755
vertex 4.14213562373095 4.142135623730953 10
endloop
endfacet
facet normal 0.5000000000000002 0.8535533905932738 0.14644660940672605
outer loop
vertex 4.142135623730951 5.857864376269049 0
vertex 4.14213562373095 4.142135623730953 10
vertex 4.142135623730951 4.142135623730953 10
endloop
endfacet
facet normal 0.5000000000000002 0.8535533905932738 0.14644660940672605
outer loop
vertex 4.142135623730951 5.857864376269049 0
vertex 4.142135623730951 4.142135623730953 10
vertex 8.284271247461898 1.7157287525381009 10.000000000000007
endloop
endfacet
facet normal 0.5000000000000002 0.8535533905932738 0.14644660940672605
outer loop
vertex 4.142135623730951 5.857864376269049 0
vertex 8.284271247461898 1.7157287525381009 10.000000000000007
vertex 8.284271247461898 1.7157287525381006 10.000000000000004
endloop
endfacet
facet normal -0.5000000000000002 -0.8535533905932737 -0.146446609406726
outer loop
vertex 4.142135623730951 5.857864376269049 0
vertex 8.284271247461898 1.7157287525381009 10.000000000000007
vertex 4.142135623730951 4.142135623730953 10
endloop
endfacet
facet normal -0.5000000000000002 -0.8535533905932737 -0.146446609406726
outer loop
vertex 4.142135623730951 5.857864376269049 0
vertex 4.142135623730951 4.142135623730953 10
vertex 4.14213562373095 4.142135623730953 10
endloop
endfacet
facet normal -0.5000000000000002 -0.8535533905932737 -0.146446609406726
outer loop
vertex 4.142135623730951 5.857864376269049 0
vertex 4.14213562373095 4.142135623730953 10
vertex 0 7.071067811865477 7.0710678118654755
endloop
endfacet
facet normal -3.534860393126086e-16 -0.7071067811865477 -0.7071067811865475
outer loop
vertex 1.715728752538098 8.284271247461902 5.857864376269051
vertex 5.857864376269047 4.142135623730952 10
vertex 4.142135623730951 4.142135623730953 10
endloop
endfacet
facet normal -3.534860393126086e-16 -0.7071067811865477 -0.7071067811865475
outer loop
vertex 1.715728752538098 8.284271247461902 5.857864376269051
vertex 4.142135623730951 4.142135623730953 10
vertex 4.14213562373095 4.142135623730953 10
endloop
endfacet
facet normal -3.534860393126086e-16 -0.7071067811865477 -0.7071067811865475
outer loop
vertex 1.715728752538098 8.284271247461902 5.857864376269051
vertex 4.14213562373095 4.142135623730953 10
vertex 0 7.071067811865477 7.0710678118654755
endloop
endfacet
facet normal 0 0.7071067811865475 0.7071067811865475
outer loop
vertex 0 7.071067811865477 7.0710678118654755
vertex 4.14213562373095 4.142135623730953 10
vertex 4.142135623730951 4.142135623730953 10
endloop
endfacet
facet normal 0 0.7071067811865475 0.7071067811865475
outer loop
vertex 0 7.071067811865477 7.0710678118654755
vertex 4.142135623730951 4.142135623730953 10
vertex 7.071067811865475 -8.881784197001252e-16 10
endloop
endfacet
facet normal 0 0.7071067811865475 0.7071067811865475
outer loop
vertex 0 7.071067811865477 7.0710678118654755
vertex 7.071067811865475 -8.881784197001252e-16 10
vertex -8.881784197001252e-16 -4.440892098500626e-16 8.881784197001252e-16
endloop
endfacet
facet normal -0.7071067811865474 0.4999999999999999 -0.5000000000000002
outer loop
vertex 10 -1.7763568394002505e-15 5.857864376269049
vertex 7.071067811865475 -8.881784197001252e-16 9.999999999999998
vertex 8.284271247461898 1.7157287525381006 10.000000000000004
endloop
endfacet
facet normal 0 1 0
outer loop
vertex 4.142135623730948 10 4.142135623730954
vertex 7.0710678118654755 10 0
vertex 0 10 0
endloop
endfacet
facet normal 0 1 0
outer loop
vertex 4.142135623730948 10 4.142135623730954
vertex 0 10 0
vertex 0 10 10
endloop
endfacet
facet normal 0 1 0
outer loop
vertex 7.0710678118654755 10 0
vertex 10 10 4.14213562373095
vertex 10 10 0
endloop
endfacet
facet normal 0 1 0
outer loop
vertex 4.142135623730948 10 4.142135623730954
vertex 0 10 10
vertex 10 10 10
endloop
endfacet
facet normal 0 1 0
outer loop
vertex 4.142135623730948 10 4.142135623730954
vertex 10 10 10
vertex 10 10 4.14213562373095
endloop
endfacet
facet normal 0 0 1
outer loop
vertex 8.284271247461895 1.715728752538103 10
vertex 10 -1.7763568394002505e-15 10
vertex 10 0.7106781186547532 10
endloop
endfacet
facet normal 0 0 1
outer loop
vertex 8.284271247461895 1.715728752538103 10
vertex 10 0.7106781186547532 10
vertex 10 0.710678118654755 10
endloop
endfacet
facet normal 0 0 1
outer loop
vertex 0 10 10
vertex 5.857864376269044 4.1421356237309555 10
vertex 10 4.142135623730954 10
endloop
endfacet
facet normal 0 0 1
outer loop
vertex 0 10 10
vertex 10 4.142135623730954 10
vertex 10 10 10
endloop
endfacet
facet normal 0 0 1
outer loop
vertex 8.284271247461895 1.715728752538103 10
vertex 10 0.710678118654755 10
vertex 10 4.142135623730954 10
endloop
endfacet
facet normal 0.7071067811865474 -0.5 0.5000000000000002
outer loop
vertex 4.14213562373095 10 4.142135623730951
vertex 1.7157287525380982 8.284271247461902 5.857864376269051
vertex 4.142135623730951 5.857864376269049 0
endloop
endfacet
facet normal 0.7071067811865474 -0.5 0.5000000000000002
outer loop
vertex 4.14213562373095 10 4.142135623730951
vertex 4.142135623730951 5.857864376269049 0
vertex 7.071067811865476 10 0
endloop
endfacet
facet normal -0.7071067811865476 -0.4999999999999998 0.5000000000000002
outer loop
vertex 7.071067811865476 10 0
vertex 10 5.857864376269049 1.8394777362344735e-16
vertex 10 10.000000000000002 4.142135623730949
endloop
endfacet
facet normal 0.5000000000000001 0.8535533905932736 0.14644660940672605
outer loop
vertex 10 2.42640687119285 2.6014143622661517e-16
vertex 4.142135623730951 5.857864376269049 0
vertex 8.284271247461898 1.7157287525381006 10.000000000000004
endloop
endfacet
facet normal 0.5000000000000001 0.8535533905932736 0.14644660940672605
outer loop
vertex 10 2.42640687119285 2.6014143622661517e-16
vertex 8.284271247461898 1.7157287525381006 10.000000000000004
vertex 10 1.2132034355964256 7.071067811865476
endloop
endfacet
facet normal 0.5000000000000001 0.8535533905932736 0.14644660940672605
outer loop
vertex 10 2.42640687119285 2.6014143622661517e-16
vertex 10 1.2132034355964256 7.071067811865476
vertex 10 1.2132034355964254 7.0710678118654755
endloop
endfacet
facet normal -0.5000000000000002 -0.8535533905932738 -0.14644660940672605
outer loop
vertex 4.142135623730951 5.857864376269049 0
vertex 10 2.42640687119285 2.6014143622661517e-16
vertex 10 1.2132034355964254 7.0710678118654755
endloop
endfacet
facet normal -0.5000000000000002 -0.8535533905932738 -0.14644660940672605
outer loop
vertex 4.142135623730951 5.857864376269049 0
vertex 10 1.2132034355964254 7.0710678118654755
vertex 10 1.2132034355964256 7.071067811865476
endloop
endfacet
facet normal -0.5000000000000002 -0.8535533905932738 -0.14644660940672605
outer loop
vertex 4.142135623730951 5.857864376269049 0
vertex 10 1.2132034355964256 7.071067811865476
vertex 8.284271247461898 1.7157287525381006 10.000000000000004
endloop
endfacet
facet normal -0.5000000000000002 -0.8535533905932738 -0.14644660940672605
outer loop
vertex 4.142135623730951 5.857864376269049 0
vertex 8.284271247461898 1.7157287525381006 10.000000000000004
vertex 8.284271247461898 1.7157287525381009 10.000000000000007
endloop
endfacet
facet normal -2.928374231856626e-16 -0.7071067811865477 -0.7071067811865475
outer loop
vertex 5.857864376269047 4.142135623730952 10
vertex 1.715728752538098 8.284271247461902 5.857864376269051
vertex 4.142135623730949 10 4.142135623730951
endloop
endfacet
facet normal -2.928374231856626e-16 -0.7071067811865477 -0.7071067811865475
outer loop
vertex 5.857864376269047 4.142135623730952 10
vertex 4.142135623730949 10 4.142135623730951
vertex 10 10.000000000000002 4.142135623730948
endloop
endfacet
facet normal -2.928374231856626e-16 -0.7071067811865477 -0.7071067811865475
outer loop
vertex 5.857864376269047 4.142135623730952 10
vertex 10 10.000000000000002 4.142135623730948
vertex 10 4.142135623730951 10
endloop
endfacet
facet normal -0.7071067811865478 0.49999999999999956 -0.5
outer loop
vertex 10 4.142135623730952 10
vertex 10 1.2132034355964256 7.071067811865476
vertex 8.284271247461898 1.7157287525381009 10.000000000000007
endloop
endfacet
facet normal -0.7071067811865474 0.5 -0.5000000000000002
outer loop
vertex 10 -1.7763568394002505e-15 5.857864376269049
vertex 8.284271247461898 1.7157287525381006 10.000000000000004
vertex 10 1.2132034355964254 7.0710678118654755
endloop
endfacet
endsolid JSCAD
